---------------------------------------------------------------------------------------
|  i  |       x       |       y       |   rectangle   |   trapezoid   |    simpson    |
---------------------------------------------------------------------------------------
|  0  |      -1.0     |      -0.2     |      0.0      |      0.0      |      0.0      |
|  1  |      -0.5     |    -0.03333   |    -0.03896   |    -0.05833   |               |
|  2  |      0.0      |      0.0      |    -0.04488   |    -0.06667   |    -0.05556   |
|  3  |      0.5      |    0.01136    |    -0.04137   |    -0.06383   |               |
|  4  |      1.0      |    0.01587    |    -0.03431   |    -0.05702   |    -0.04533   |
---------------------------------------------------------------------------------------

---------------------------------------------------------------------------------------
|  i  |       x       |       y       |   rectangle   |   trapezoid   |    simpson    |
---------------------------------------------------------------------------------------
|  0  |      -1.0     |      -0.2     |      0.0      |      0.0      |      0.0      |
|  1  |     -0.75     |    -0.07792   |    -0.0303    |    -0.03474   |               |
|  2  |      -0.5     |    -0.03333   |    -0.04309   |    -0.04865   |    -0.04542   |
|  3  |     -0.25     |    -0.01183   |    -0.04831   |    -0.05429   |               |
|  4  |      0.0      |      0.0      |    -0.04959   |    -0.05577   |    -0.05214   |
|  5  |      0.25     |    0.00702    |    -0.0486    |    -0.0549    |               |
|  6  |      0.5      |    0.01136    |    -0.04624   |    -0.0526    |    -0.04885   |
|  7  |      0.75     |    0.01412    |    -0.04302   |    -0.04941   |               |
|  8  |      1.0      |    0.01587    |    -0.03924   |    -0.04566   |    -0.04188   |
---------------------------------------------------------------------------------------

-----------------------------------------------------------------
|  exact value  |   rectangle   |   trapezoid   |    simpson    |
-----------------------------------------------------------------
|    -0.04133   |    -0.04088   |    -0.04187   |    -0.04073   |
|               |    0.00045    |    0.00054    |     0.0006    |
-----------------------------------------------------------------